5529 1560 69 2919 5530 1560 69 1006 5531 69 7 1156 1398 5532 192 26 192 26 192 26
2317 261 2317 261 1630 114 59 2558 709 621 115 1378 417 424 2317 114 129 4183 18683 1630 114 59 63 64 63 64 63 64 270 271 18 19
199 21496 5530 5530 21497 199 393 5530 21497 199 393 5530 5530 299 5530 21497 199 1398 1398 1399 38 39 38 39 38 39 192 26 192 26 192 26
5544 3918 22 5544 5327 2675 1399 1395 5530 1399 1395 5530 1399 1395 5530 407 2110 19879 29903 192 26 192 26 7 53 7 53
4646 161 835 22 128 127 9404 14470 659 1548 114 59 128 1827 3852 2951 659 1415 127 128 127 128 127 128
29959 4135 18048 29960 292 4135 29960 2746 3205 15952 18089 577 4135 8184 71 11355 3865 577 578 577 578
29961 4118 1365 35 4118 1507 29961 35 4118 775 1228 4118 5620 4118 577 578 577 578 140 141
4909 761 1807 1012 3414 1344 2212 3 58 167 226 222 29962 136 3264 1344 2212 3 179 2660 63 64 63 64 23 30 23 30 226 231
65 2159 22 26771 14966 7 26771 7 1294 145 29830 1294 403 114 111 26771 7 29963 75 7 53 7 53 7 53 63 64 63 64
341 342 58 58 341 199 58 392 980 319 6767 284 319 29964 742 38 39 38 39 192 26
1630 24 191 1630 24 191 28 29 534 1630 24 191 191 370 674 1630 24 191 111 1638 63 64 63 64 270 271 270 271 23 30 23 30
29965 1805 558 5530 1151 122 1809 26 4194 356 146 458 29966 5530 650 111 1969 29967 5530 192 26 192 26 192 26 63 64
227 29968 29969 29970 1630 370 222 29971 691 771 691 771 1630 809 29972 29973 29974 1630 809 50 1023 432 115 63 64 63 64 270 271 270 271 157 284
22377 6948 6822 6948 17008 251 3084 60 28594 3330 5726 20735 807 29975 24281 4308 19235 21839 3670 7088 6948 17008 63 64 63 64 63 64 758 759
3 2085 502 194 502 194 3248 26 313 1198 29837 435 480 29835 502 7 7 53 7 53 7 53
29976 9236 29977 29951 1574 1630 809 276 5229 29978 676 1630 809 63 64 270 271 577 578
29979 2698 26364 2317 455 12132 9714 62 1175 3506 771 18 19 63 64
60 16310 60 26 26 60 60 29 26 60 26 60 251 86 68 1729 16745 607 6808 638 63 64 63 64 63 64
25331 278 407 419 7 299 407 299 10795 14337 7 299 7 29980 25219 192 26 192 26 63 64 63 64
29587 29587 18 114 29587 18 114 1637 29587 18 114 370 225 3059 29587 18 3319 29981 432 23386 114 63 64 63 64 18 19 18 19 716 822
29982 29982 1197 2934 4721 3291 1630 809 4721 29982 10594 1640 1630 809 989 270 271 270 271
165 1497 22 960 84 2698 91 2512 2698 165 2698 1225 2823 3062 299 1034 1859 165 18 19 18 19 63 64 140 141
29983 29984 29398 6166
65 25553 22 5544 456 429 15415 456 7717 638 456 7717 1857 1764 1983 16705 1947 16705 1947 29985 15031 5936 5937 5936 5937
29986 7281 271 5530
1522 1523 26 607 607 26 1523 167 702 2767 2151 607 299 12395 607 12740 607 29987 5597 127 128 127 128 127 128 1158 1159 1158 1159
341 342 4135 4135 341 199 341 393 4135 1825 1004 771 173 222 38 39 38 39 63 64 577 578
29988 6948 17008 2314 60 4570 2308 2311 4845 21838 3271 524 771 2051 4022 7414 523 524 523 524 63 64 63 64
2698 2502 1736 809 513 319 2698 2698 554 2643 676 69 111 6611 650 173 322 1034 63 64 63 64 157 284
29989 29990 29793 5530 29991 29992 29993 29994 5530 29992 29993 4642 2349 29993 5530 29995 29996 29997 5530 3549 192 26 192 26 716 822 716 822 1720 2441
194 13773 261 5177 761 761 13773 502 194 903 903 903 1434 641 642 114 502 194 2631 26 139 7 53 7 53 63 64 63 64
6298 883 29998 29999 370 483 18 26 139 370 483 18 26 139 821 2714 30000 30001 27 9361 1885 30002 30003 30004
6127 958 22 30005 30006 2740 16390 5530 5530 13412 5505 639 1960 1764 1398 192 26 192 26
29898 29898 35 30007 30008 4135 26384 30009 3691 13488 12068 2209 513 6544 18528 30007 577 578 577 578 219 220
30010 30010 30010 59 179 114 370 13540 9655 9657 565 3488 434 179 114 16126 63 64
30011 8224 227 5962 30012 98 7747 8224 456 29 29 1242 25339 4115 3873 456 4214 1720 1720 30013 1242 1989 226 231 226 231 259 91
30014 29914 261 29915 458 681 299 7 681 13442 29917 299 299 7 640 226 1009 63 64 63 64 7 53
29880 28691 1141 28691 3748 370 18 26 2194 344 1526 18 165 674 1141 28691 3748 18 19 18 19 63 64 63 64 125 126
1294 65 5092 22 344 29865 403 1294 344 403 7 2297 1125 7 28725 99 5462 293 1694 30015 30016 16765 23572 30017 22751 7 53 7 53 7 53 63 64
30018 1848 30019 23675 773 30018 5530 1398 2279 436 3865 617 252 1153 2970 5530 30020 192 26 192 26 1158 1159
31 456 328 1395 2446 403 31 35 456 7717 328 1395 31 35 456 7717 328 1395 2446 403 37 30021 30021 7 53 7 53 5936 5937 5936 5937 38 39 38 39
30022 902 22 30022 502 194 342 355 4588 658 129 139 12937 502 299 502 1495 502 347 502 2168 7 53 7 53 63 64
30023 22 3069 30024 30025 17839 23097 2251 9371 2251 9139 146 1956 15025 9371 30026 241 5853 134 532 23 30
14571 1763 29846 456 4214 1763 14571 30027 456 4214 29828 29829 16705 2776 1939 22180 168 14524 4211 456 7717 5936 5937 5936 5937 18 19
30028 7819 621 456 456 7717 456 4214 2290 5114 23715 30029 2675 895 30029 5936 5937 7 53
341 342 228 2698 228 2698 341 199 2698 1034 165 1071 322 114 268 467 1226 1034 1395 157 284 157 284 157 284 38 39 38 39 63 64
972 1520 2698 3175 945 3529 972 1520 945 945 2423 1651 114 1291 3152 513 26 948 945 486 945 486 63 64 63 64 18 19
10094 10094 271 809 191 271 809 1119 30030 1630 809 13427 10094 7906 30 16368 4536 270 271 270 271 63 64 63 64
30031 4117 4118 235 1720 4117 4118 962 4117 30032 235 2832 3671 4894 3081 3082 3081 3082 3081 3082
28116 22 456 456 7717 22725 1282 3888 403 456 4214 29828 29829 23097 6774 1841 419 319 114 129 5936 5937 5936 5937 192 26 192 26
13236 2363 5093 13237 22 13238 3081 30033 12381 4135 12381 4135 30034 29840 652 30035 18877 11483 12071 12071 30036 4135 577 578 577 578 3081 3082 3081 3082
30037 403 456 4214 29828 29829 456 4214 29828 29829 29827 1395 194 30038 467 135 5936 5937 5936 5937 5936 5937 7 53
30039 8978 30040 21820 6948 17008 700 21839 2262 21838 13564 6991 12821 29 6120 299 523 524 523 524 63 64 63 64
1522 1523 284 26 58 1151 15582 58 15582 1523 167 1537 15582 8893 3062 58 771 3069 25922 434 60 702 778 779 778 779 157 284 63 64
5678 261 4512 30041 59 3265 9088 705 30041 114 59 3265 9088 705 226 639 30041 185 63 64 63 64 157 284 23 30
18803 18803 810 29840 30042 30043 30044 3082 4137 5272 1817 237 577 578 577 578
341 342 2698 2698 341 199 2698 1034 165 1923 25 403 2265 1200 140 26 63 64 63 64 38 39 38 39
2353 22 30045 2378 278 7 9390 299 7 168 299 7 30046 6851 6852 27 63 64 63 64 192 26
23430 3276 4135 28 29 3276 4135 28 29 7871 3276 4135 7885 63 64 63 64 577 578 577 578 192 26
4635 2228 22 30047 30048 2425 114 225 1156 59 1344 2425 114 225 1156 59 1344 114 709 225 1156 1344 30049 30050 30051 398 399 398 399 63 64 63 64 226 231
30052 59 114 133 59 114 30053 274 73 6348 555 461 3069 2092 432 157 284 157 284 63 64 63 64
30054 663 261 663 607 26 28 771 1343 60 1346 852 69 12394 63 64 63 64 127 128 127 128
341 342 456 4214 29828 29829 456 4214 29828 29829 341 199 456 4214 29828 29829 29827 742 2051 18339 29828 29829 742 4779 1226 5260 1196 5936 5937 5936 5937 5936 5937 38 39
30055 284 59 114 936 284 59 114 936 263 801 114 4967 1514 1638 8006 284 3675 157 284 157 284 157 284
7016 114 429 7016 114 7016 600 452 59 865 3684 3334 989 16560 270 5345 4543 8024 5194 417 155 134 532 134 532 134 532 270 271
14571 1763 29865 7 1763 14571 7 10515 343 403 29963 4283 638 5266 7 53 7 53
341 342 1398 1398 341 199 188 1008 5530 11234 69 5530 419 446 192 26 192 26 38 39 38 39
30056 2797 299 7 344 299 7 3060 29812 122 15986 728 8206 3718 30057 7 53 7 53 63 64 140 141
5581 30058 129 1591 957 388 548 621 1386 28 30059 2212 30058 8559 8519 5652 17351 30060 523 524 523 524
726 25532 30061 2698 344 25533 299 8650 222 32 33 3506 63 64 63 64
1940 2363 5232 30062 278 7 962 962 299 7 1193 299 7 30062 63 64 7 53
1093 1094 1095 261 1565 681 2698 2698 4889 1093 11415 2212 1314 1434 114 1034 165 380 1447 5055 2317 122 21661 1630 63 64 63 64 63 64 140 141
1093 1094 1095 261 1096 1097 1098 1099 1100 975 1102 968 768 1101 355 10023 30063 5530 355 10023 11348 4839 11916 498 10279 3844 7984 30063 5530 3784 15995 226 231 226 231 192 26 63 64
1189 1190 22 30064 30065 7 1021 30064 15242 30066 1226 7 226 10380 344 7 140 141 140 141 7 53
1004 6193 1389 3574 14966 7 7 429 1004 344 7 429 123 2409 28032 7 21946 123 192 26 192 26
13310 6129 30067 16453 5530 17192 1178 5530 327 2823 378 9356 1175 4920 192 26 192 26 1991 1992
30068 1608 29840 3082 4137 3081 8540 3082 4791 313 29840 28581 14317 30069 20164 27770 4341 2308 13198 4552 8540 4177 6567 3081 3036 3081 3082 3081 3082 3081 3082 125 126 577 578
2698 30070 22 30070 2698 256 172 2698 30070 22 2698 256 27 3871 16088 2698 30070 22 2761 2833 63 64 63 64 140 141
4118 4118 35 775 4118 577 578 577 578
341 342 652 4135 652 4135 341 199 652 4135 4135 28582 4047 30071 30072 12071 130 38 39 38 39 1720 2441 1720 2441 3081 3082
31 299 7 12521 30073 31 35 299 7 37 30073 31 35 299 7 37 30073 30073 63 64 63 64 38 39 38 39
5436 9239 58 5436 284 319 58 5436 58 675 2643 222 1344 1009 6194 6195 1807 413 157 284 157 284
1449 22 29813 650 968 968 2446 1940 456 4214 29828 322 30074 29828 29829 742 5260 456 7717 6959 301 1923 1023 1024 1023 1024 5936 5937 5936 5937 7 53
1760 1095 261 1760 709 8559 1021 11325 1095 709 1036 13372 114 1437 59 2622 11390 2850 114 17112 13372 1095 8524 63 64 63 64 63 64 945 486
30075 194 502 7 1624 502 194 502 7 3010 1624 502 194 502 7 3010 1624 3010 2318 348 20257 24828 7157 3010 2042 1198 480 7 53 7 53 7 53
341 342 456 4214 456 4214 341 199 403 456 4214 30076 456 30077 16705 378 456 4042 456 4042 5936 5937 5936 5937 38 39 38 39 7 53
341 342 607 26 607 26 341 199 607 26 30078 26 322 638 2261 38 39 38 39 127 128 127 128 577 578
30079 30079 3170 60 588 4487 4894 4118 201 691 4118 3888 3170 63 64 63 64 577 578
2658 22 1228 30080 30081 7 7 4589 380 125 126
30082 728 6501 502 134 514 502 134 1217 69 1560 16774 30083 502 194 7088 1520 2458 7 53 7 53 192 26 259 91
22 23707 30084 607 30085 607 26 1567 129 222 26 955 607 26 30085 1567 129 6270 607 4764 2284 23 30 23 30 156 157
30086 30087 226 2051 5260 456 7717 1716 962 1175 2909 456 7717 18938 384 407 30088 5936 5937 5936 5937 192 26
1228 10471 23111 30089 27625 5581 5581 1294 691 771 1344 222 27625 5581 691 2989 25922 2391 2390 2391 2390 63 64 63 64 90 91
30090 2502 1736 809 513 319 403 1022 319 20355 2698 423 1826 15176 20355 2698 30091 370 63 64 63 64 157 284 157 284
2454 1366 22 2455 58 429 1366 2456 58 1366 2454 58 320 14524 962 452 1366 58 256 66 343 8893 58 23 30 23 30 23 30 63 64
5589 370 4694 1710 18 370 299 1710 18 370 554 2970 18310 26 1324 695 59 165 1710 18 19 18 19 63 64 63 64 192 26
58 3621 22 534 320 58 3621 7825 7826 58 2603 638 424 343 638 12255 63 64 63 64
23097 862 30092 4246 30093 15950 4246 30093 30094 146 30093 2251 146 864 259 91
30095 4118 4612 4117 4118 4118 4894 4118 4118 4612 4118 3671 3167 577 578 577 578 577 578
4557 4135 4135 4136 775 4135 4136 5290 4136 68 4135 4136 5290 4136 6765 4135 1660 4136 2160 4136 775 4136 4136 235 1720 4135 71 63 64 63 64 63 64 577 578 577 578
29913 29914 261 29915 1859 299 7 7 1859 1757 28 29 1859 299 7 161 1777 114 30096 256 1095 63 64 63 64 127 128 140 141
29826 5232 6635 456 456 7717 29817 456 7717 30097 30098 29817 456 7717 5266 4779 2318 5936 5937 5936 5937 5936 5937
13773 261 18937 29846 456 4214 265 456 4214 771 299 15009 63 64
30099 30100 30101 3473 30102 5581 29 27625 5581 226 534 3473 30102 5581 29 675 30103 30104 1955 2714 2391 2390 2391 2390 226 231
756 3369 126 3370 28 483 18 992 370 756 483 18 992 370 191 852 173 483 18 4807 674 63 64 63 64 483 484 18 19
194 1565 30105 502 194 502 194 502 194 30106 343 194 3764 4662 372 5213 7 53 7 53 7 53
30107 261 30108 30109 429 30110 30109 10244 28701 6767 10244 2251 6767 30110 30109 226 231
30111 8238 30112 9705 1694 1859 8238 1880 3002 4373 111 1610 8361 30113 30112 18 8238 370 30114 18 19 18 19 63 64 63 64
30115 30115 29840 19861 5650 28581 29121 14252 29840 12071 11956 226 231 3081 3082
2051 25140 30116 30117 16926 2675 456 7717 1536 456 4214 20419 16888 4193 9654 283 265 5936 5937
30118 30119 30120 30121 30122 30123 5530 5530 30124 749 114 5530 9484 5530 1399 5530 30125 5530 192 26 192 26
30126 4118 235 5975 7160 6721 4118 4118 235 5975 7160 6721 4118 336 3081 1346 3081 3082 3081 3082
42 43 1491 1492 1493 43 1494 299 7 43 1496 1807 228 299 7 674 43 1496 299 7 432 1181 62 43 1496 299 140 141 140 141 63 64 63 64 945 486
479 60 5807 5808 58 479 58 60 58 60 424 1591 2738 421 2409 702 58 60 778 779 778 779 778 779 63 64 63 64
2698 25038 22 2698 256 30127 27 49 8730 19061 263 2698 114 161 12248 12248 1071 161 63 64 63 64 23 30 23 30
30018 1848 30019 773 30018 5530 7386 20058 3873 2545 1303 5530 1560 11767 617 252 192 26 192 26
30128 30129 50 370 10456 18 1859 165 201 775 1072 1694 30130 1859 2041 6 30131 897 9705 19 23291 18 19 18 19 18 19
22772 4140 4139 4118 775 757 6335 691 4118 13281 22541 577 578 577 578 523 524
30128 30129 1243 13735 98 30128 775 59 1989 5219 63 64 63 64
9929 809 30132 271 5530 271 5530 336 252 482 1630 319 554 352 111 192 26 192 26 270 271
835 22 4587 29812 299 7 757 1175 29812 299 7 4587 3470 1696 538 569 777 7 53 7 53 192 26 140 141
30133 4118 4118 691 3888 3170 3554 2027 849 577 578 577 578 63 64
65 5873 22 8158 30134 4779 1116 7 1116 1171 30135 1008 9063 1171 30135 30135 7 53 7 53 63 64
30136 3950 30137 502 194 2749 225 336 299 617 188 419 13298 3041 30138 7 53 7 53 63 64
341 342 502 1624 502 1624 341 199 502 1624 695 3248 194 384 2235 502 194 134 69 7 53 7 53 7 53 38 39
30139 30140 30141 7 7 29 1973 7 226 5517 21530 1344 222 7 63 64 63 64 7 53 7 53
30142 8238 1243 13735 98 30143 18 30143 775 59 30143 18 30143 30112 280 8238 30 28 73 10863 7711 775 235 235 63 64 63 64 63 64 18 19 18 19
30144 30145 30146 30147 429 6555 1681 15950 256 943 84 407 862 407 242 30144 862 6555 15950 43 23338 270 271 270 271 945 486 23 30
10635 30148 5502 19 225 370 18 4613 30149 1085 9925 30150 5502 19 114 18 19 18 19 18 19
18235 22 3964 1307 4778 37 173 1196 1175 407 456 7717 456 4214 30151 19087 29013 21598 456 4214 5936 5937 5936 5937 259 91 259 91
299 7 299 7 299 7 30152 30153 5065 16149 1411 5937 2582 13072 4848 299 63 64 63 64 134 532 7 53
5589 809 30154 18 30149 370 299 18 30149 370 299 1243 229 5219 5591 558 62 63 64 63 64 63 64
6094 3 4453 5581 27625 5581 5415 30155 30156 27625 5581 2806 30157 30158 30159 19620 6935 5581 932 1923 23271 2391 2390 2391 2390 2391 2390
31 502 194 6884 30160 31 35 502 194 37 6884 30160 31 35 502 194 37 6884 30160 6884 30160 7 53 7 53 7 53 38 39 38 39
30161 29914 261 29915 30162 299 7 222 691 771 299 7 7641 25219 63 64 63 64 63 64 7 53
28532 7693 6095 6948 17008 28532 35 6948 17008 28532 35 1866 6948 17008 18056 6822 4570 1137 60 5063 2424 13355 63 64 63 64 63 64 523 524
30163 2698 965 890 2698 965 8774 6203 1291 3628 1336 240 653 1034 165 2486 78 945 486 63 64
25246 23098 17452 456 4214 456 4214 23715 456 4214 4193 9654 14254 4739 4739 5936 5937 5936 5937
3516 30164 22 21 2698 129 28 21 2698 30165 3691 2698 114 268 63 64 63 64 63 64
30166 5864 22 30167 168 456 4214 29828 29829 2446 1940 456 4214 29828 29829 742 191 171 30166 5864 22 17835 777 7 53 7 53 5936 5937 5936 5937
1940 2363 5232 30062 30168 30062 299 7 1940 955 3933 4373 321 25219 695 23572 10356 7 30169 1060 1512 7 53 7 53 63 64
2698 9551 986 22 28 2698 960 256 2698 960 256 30170 263 30171 256 27 987 30172 23 30 23 30 23 30 63 64 63 64
30173 9586 4118 276 4118 691 201 4118 235 3167 765 63 64 63 64 577 578
93 30174 22250 6948 17008 2393 7631 1741 4570 862 12168 6948 17008 2393 7631 1741 4570 862 12168 8485 63 64 63 64 63 64 523 524
31 456 7717 12372 30175 31 35 456 7717 37 12372 30175 31 35 456 7717 37 12372 30175 12372 30175 38 39 38 39 5936 5937 5936 5937
65 2159 22 30176 7 869 6148 11917 10412 7 30177 11917 649 114 259 91
30178 3897 114 59 1537 139 6890 775 114 59 1537 139 6890 84 9405 409 4089 1841 1081 1082 63 64 23 30
30179 30180 5996 22 29842 370 1630 2168 370 1630 2168 1315 676 111 13117 978 1224 139 270 5345 270 271 270 271 63 64 63 64
5162 22 30181 30182 30182 527 30183 1841 114 59 122 273 274 275 1296 1297 658 2359 63 64
1522 1523 3828 3081 4118 3081 4118 1523 167 702 2767 4118 4894 867 1438 3081 3082 3081 3082 1158 1159 1158 1159
16795 30184 621 6675 355 28 17280 59 114 355 114 538 59 2109 384 605 157 284 157 284 63 64 140 141
58 958 22 58 958 28 29 852 1004 320 183 325 2554 114 304 2934 771 702 63 64 63 64 63 64
7040 6948 17008 6948 17008 7042 7043 2516 4022 6948 17008 30185 30186 63 64 63 64 523 524 523 524
515 30187 2698 226 2698 1009 1367 2698 18058 30188 2584 1807 5453 3077 299 140 139 25 63 64 63 64
16271 22 7062 7062 2251 23154 638 256 3795 263 2251 1956 5888 28701 2251 23 30 23 30 23 30
26 663 261 26 663 663 26 2415 5891 852 451 2286 663 607 26 4330 26 1507 3395 127 128 127 128 63 64 63 64
29894 22 29895 29894 27 2695 370 18 165 370 1085 482 370 8238 7711 270 271 270 271 63 64
1662 22 427 30189 30190 5581 5581 23549 5727 27625 5581 252 1218 2458 2391 2390 2391 2390
7691 30191 2658 22 227 29926 7691 2698 2365 2698 7691 222 226 355 298 1300 1300 3871 63 64 63 64 226 231
3081 1523 4118 1523 3081 4118 1363 616 3167 4487 4118 4894 3084 4118 235 30192 247 30192 27231 7704 27231 577 578 577 578 3081 3082
8951 2382 58 83 278 167 1344 222 30193 29844 114 226 231 63 64
30194 1788 29840 14252 1151 1031 29840 14252 1031 30194 35 1793 2324 29840 14252 1031 30194 35 30194 236 19929 5054 3349 577 578
30195 7267 30196 8043 15952 30197 4844 9741 3636 6948 17008 9741 191 30198 6948 17008 6274 27445 22807 63 64 63 64
30199 1859 165 18 173 1859 1638 18 2318 103 674 50 432 18 165 30200 18 19 18 19 18 19
30201 5677 261 59 5677 417 12659 114 161 30201 59 3222 114 621 30201 114 1386 5451 30202 30203 30204 30205 63 64 63 64 63 64
30206 6393 22 621 13486 30207 30208 5581 5581 27625 5581 2391 2390 2391 2390
3428 261 30209 30210 30210 6476 2425 284 59 30211 114 424 2317 355 114 30212 3905 665 5760 30213 2265 6476 2425 284 59 157 284 157 284 157 284 18 19 63 64
5544 5970 22 111 7633 30214 2675 456 4214 29828 29829 456 4214 29828 29829 29827 30215 30216 30217 30218 30219 1226 5936 5937 5936 5937 5936 5937
2698 2502 775 2698 775 59 1736 809 513 319 2698 775 775 191 59 63 64 63 64 63 64
2532 809 2532 370 18 165 370 18 165 29896 9827 929 1174 188 135 513 319 370 29896 1637 111 63 64 63 64 63 64 18 19 192 26
502 194 30220 502 194 191 502 194 191 757 427 757 521 522 30221 1438 3295 194 7 53 7 53
5581 2705 5581 1674 513 27625 5581 2705 3330 30157 30158 30157 30222 1825 30223 2390 2391 2390 2391 2390 2747 2748
14911 30224 1294 1809 114 59 1809 114 59 30225 1041 771 12994 500 1809 114 59 2165 3298 12532 2165 3298 2165 459 63 64 63 64 63 64
30226 502 30227 30228 1968 709 502 194 1016 1017 5817 30229 17985 2473 502 194 26501 502 7 7 53 7 53 7 53
29202 30230 22 2378 58 2378 1748 71 344 8893 1022 58 30231 1285 10232 229 771 63 64 63 64 63 64
30232 30233 8547 1630 370 3411 929 30233 129 7127 63 64 219 220 6788 5279
30234 30235 1034 168 7 74 30236 30234 328 27 2695 1989 777 14922 15171 2379 7 53 7 53
30237 2518 2924 114 129 30237 30237 5002 4095 30238 8936 3058 30237 2518 2924 114 129 16616 945 486 945 486 945 486
2933 22 5578 5581 27625 5581 30239 9370 27625 5581 1716 1175 30240 7 30240 2391 2390 2391 2390 2391 2390
30241 37 30242 7815 5581 2473 8438 570 1243 2473 8438 36 27625 5581 4116 23111 678 226 3808 192 26 192 26 2391 2390
30243 22 607 30244 26 129 5200 222 607 122 1294 5656 299 114 593 63 64 63 64 127 128
24149 22 30245 30246 30247 367 2484 5530 191 1989 2112 5530 21297 173 112 4262 17591 1219 191 192 26 192 26 63 64
30248 22 30249 30250 114 59 3081 30 408 114 59 3081 30 30250 996 676 370 436 15439 114 2424 280 1285 63 64 63 64 63 64 23 30
4118 4118 3021 4118 3081 299 4118 4118 3021 3081 299 3081 3082 3081 3082 3081 3082 63 64
4135 4135 35 30251 1610 28 28 30252 4135 4135 30253 61 1878 336 771 30 577 578 577 578 63 64 63 64
30254 896 22 607 26 24 161 30254 3691 455 283 659 16317 122 6916 4137 607 7509 4863 5597 127 128 127 128
25398 2897 534 43 1496 299 7 370 436 352 1085 1638 299 10162 1356 7904 63 64 63 64
5907 5908 261 775 23556 502 194 63 64
30054 30255 35 60 299 6662 30256 14275 30257 30258 607 23333 127 127 128 127 128 63 64
341 342 18 370 18 370 341 199 18 30259 676 69 370 1637 2970 114 1085 165 343 18 19 18 19 63 64 63 64 38 39 38 39
1094 1095 261 19122 1197 2934 225 833 271 370 1640 1197 225 833 271 370 1640 1197 2934 4721 3291 1630 809 1195 9692 270 271 270 271 63 64 63 64 127 128
30260 30261 30261 6948 17008 12477 24090 4022 171 30262 35 1021 22250 30263 2308 171 30262 35 1021 22250 30263 2297 6948 17008 24090 3641 10518 63 64 63 64 523 524 523 524
29982 29982 1197 2934 4721 3291 1630 4721 1630 809 2112 1640 1630 809 4721 270 271
3992 4191 30264 6948 17008 191 1344 12992 5711 1168 5691 15787 11070 1989 4897 6948 17008 191 63 64 63 64
298 22 30265 176 6476 59 176 114 6476 59 176 114 7009 372 1174 30266 30267 175 176 175 176 63 64 63 64
30268 22 30269 370 18 1859 165 30268 27 370 18 1859 165 370 18 1859 165 1243 2427 209 1511 18 19 18 19 18 19
30270 30271 607 26 123 28 29 6916 11938 4137 606 6088 12395 127 128
1049 835 22 30272 2698 890 835 27 4510 3062 103 2318 26364 18 19
7864 318 22 30273 962 6476 59 225 270 114 62 256 6476 59 225 270 114 344 7009 225 971 192 26 192 26 63 64 63 64 270 271
9984 271 809 229 271 809 4910 675 226 63 64 63 64 270 271
749 1565 370 18 114 18 7705 4613 1186 114 370 1108 18310 343 14975 18 7705 790 18 19 18 19 157 284
4287 629 4135 11640 4287 629 4135 29800 709 235 1720 24310 9709 691 30274 4117 30275 771 11640 702 1340 11640 63 64 63 64 3081 3082 134 532
30276 30276 662 4682 114 1119 18699 225 120 5789 299 7 9756 43 225 120 30277 8980 758 759 758 759 63 64 3081 3082
9319 22 5920 30278 686 27625 5581 27625 5581 2806 30279 30280 5581 27563 5561 749 343 482 2391 2390 2391 2390
30281 26196 6948 17008 6948 17008 30281 30282 15074 13758 6948 17008 30281 22610 3830 26789 3443 1601 3476 63 64 63 64 1991 1992
14765 2264 426 682 9816 456 4214 456 7717 456 4214 456 4214 2290 642 30283 16591 4497 2675 30284 642 7 53 7 53 5936 5937 1023 1024
756 926 30285 370 7 756 370 7 183 114 173 1617 1526 7 5639 7 53 7 53 63 64 63 64
4769 30286 2609 29846 2609 29846 3030 9804 456 4214 7414 2609 29846 845 456 4214 2609 3030 29966 456 7717 4739 29295 140 141 140 141 5936 5937 5936 5937 7 53 7 53
1760 1095 261 1760 709 1021 6006 114 6476 59 424 2093 114 1095 242 593 324 1095 709 1760 3304 114 6476 59 424 2093 114 6006 1095 63 64 63 64 63 64
30287 30288 1398 1399 30288 191 1399 5530 1067 13028 37 9358 1429 1429 3389 10279 7 53 7 53 270 271
30289 30290 992 370 1630 2168 2336 1454 30291 9654 4464 1630 384 675 30292 30293 30294 195 24836 270 271
4118 4118 4118 25282 4118 134 14950 7336 577 578 577 578
26443 72 30295 284 59 72 161 26445 2817 3 4912 114 594 18683 344 2423 25595 841 59 63 64 63 64 63 64 157 284
30296 4135 30297 23333 2227 17879 30298 28192 30299 577 30297 523 524 5497 5498 3081 3082
2147 261 917 5581 27625 5581 4192 1591 3 3763 9297 27625 5581 4192 1591 3 3763 9297 63 64 63 64 2391 2390 2391 2390
835 22 4779 5544 299 7 460 111 268 299 7 1174 30300 299 7 275 1174 30301 63 64 63 64 398 399 7 53
1636 3269 26 1636 607 26 1636 26 183 60 222 21230 2212 2745 230 421 607 2151 577 578 577 578 127 128 127 128 1081 1082
5217 114 278 7 109 114 299 7 299 7 114 419 2610 710 384 299 7 9484 163 4042 63 64 63 64 7 53 7 53 192 26
30302 30303 26 2220 502 194 1004 2365 502 194 502 1624 7 53 7 53
30304 5232 14966 7 226 7 226 2490 5517 235 7 226 227 8304 7544 5517 30305 21530 30306 2199 15256 7 53 7 53 134 532 226 231
30307 2978 1474 1228 1474 5530 1244 1474 1228 1474 5530 14344 13588 620 1399 7885 384 9484 5530 1363 372 147 2745 6221 378 2318 122 157 284 157 284 140 141 140 141
31 2797 299 7 1498 821 31 35 2797 299 7 37 821 31 35 2797 299 7 37 821 4216 821 4216 38 39 38 39 63 64 63 64 7 53
4635 2914 22 9013 482 482 2012 270 319 145 809 2914 235 482 2012 270 26 809 765 2297 235 5256 370 30308 30309 370 9988 1807 63 64 63 64 63 64 270 271 270 271
31 14966 7 23883 27500 403 31 35 7 23883 37 403 31 35 7 23883 37 403 37 4246 1389 4246 1389 38 39 38 39 38 39 7 53 7 53
30054 607 26 129 30310 191 607 4863 161 1825 1543 222 1706 607 26 129 521 522 172 30054 600 63 64 63 64 63 64 127 128
30311 809 30312 225 370 1630 4464 675 370 1641 1630 4464 2194 122 4008 4022 24964 4022 455 1560 742 123 384 157 284 157 284 270 271 1777 1778
29976 9236 29976 1574 11932 30313 809 4946 29951 675 4910 368 369 1630 809 270 271
5533 5534 22 967 2229 5535 691 756 370 271 5530 38 39 63 64
8883 8884 22 8885 1880 3079 30314 30315 2520 5530 611 2520 5530 30316 446 18483 420 14509 157 284 157 284 192 26
30317 1805 6948 17008 2593 30318 28041 11246 6948 17008 6614 30319 63 64 63 64
30320 30320 2432 4894 2593 3044 5975 4118 336 1219 5054 73 192 26 3081 3082
13236 2363 5093 13237 22 13238 30321 13236 13236 2151 1575 1858 194 6735 444 1803 502 7122 30322 30323 7 53 7 53 3978 3980 3978 3980
13310 6129 30324 565 5530 3765 1244 4727 30325 798 494 5530 192 26 192 26 157 284
27577 22 965 1193 27577 9770 6555 2251 27577 27577 9770 6182 6183 30326 3228 417 2251 30327 19987 378 134 532 226 231 23 30
54 55 967 2229 15586 370 1630 666 114 62 370 1630 666 114 63 64 63 64 270 271
30142 8238 30112 18 8238 10013 30328 30329 4919 18 8238 1610 8361 30113 30112 18 8238 370 30114 18 19 18 19 18 19
30330 4118 201 4118 276 1881 4118 30331 3081 3082 3081 3082
502 194 30220 502 194 191 1168 13563 6472 78 1807 7 53 7 53
26 663 261 663 26 663 60 183 663 114 2212 4606 5200 607 26 30332 5208 607 127 128 127 128 63 64 63 64 192 26
30333 30333 35 60 6822 22083 6948 17008 14703 6948 1272 30334 60 18056 3084 63 64 63 64 63 64
30335 29 30335 35 191 22778 30 3848 356 336 71 4136 29800 30251 5290 30251 63 64 63 64 3081 3082 577 578
110 164 26 65 14966 7 110 167 26 65 7 14861 691 3429 65 1489 7 344 6148 11917 10412 7 63 64 63 64 63 64 7 53 7 53
65 14587 320 30336 7 30337 7 26785 2643 9484 695 1858 403 7 53
30338 4118 167 4118 4042 520 3447 4118 179 4118 167 577 578 1081 1082 63 64
194 13852 22 30339 5926 3002 30340 6555 6664 28701 256 903 2167 26 30340 50 1022 432 2187 30341 3939 2251 256 2167 26 23 30 23 30 758 759
24090 30342 30343 30342 20029 6948 17008 2593 513 30344 6948 17008 23469 5977 22197 15877 30345 2311 40 7919 63 64 63 64 523 524 523 524 259 91
2471 393 14966 7 7 3038 2471 7 3248 403 5266 4024 29807 29963 7 53 7 53 7 53 38 39 38 39
5581 1674 27625 5581 1674 30346 2390 27625 5581 30347 27625 5581 30348 30346 27625 5581 1674 2390 27625 5581 30347 2391 2390 2391 2390 2391 2390 716 822
23254 22 30349 30350 7 226 7 226 8304 17909 226 231 7 53
30351 1392 22 754 3198 4919 363 30351 502 194 754 3198 4919 5687 363 30351 3524 1193 502 7 157 284 157 284 192 26 192 26 7 53
25092 30123 5530 897 5530 638 857 5295 30352 114 264 1398 192 26 157 284 63 64
30353 4118 30353 30353 35 4118 691 4118 4117 3170 235 30354 4118 577 578 577 578 63 64
30355 749 30356 14100 7237 23510 30357 749 30355 28701 27 30358 30358 237 28701 2770 937 1507 166 820 4694 28701 1244 9387 30355 30359 30360 398 399 23 30
9839 59 9840 9841 271 114 2212 5371 709 271 114 2212 5371 1543 271 114 852 2458 271 114 5392 424 270 63 64 63 64 270 271 270 271
4287 629 4135 4287 629 4135 222 30361 30362 30363 15590 36 4135 10725 5180 11651 10912 9421 30362 30363 26364 577 578 577 578 3081 3082
30364 27625 5581 513 299 513 27625 5581 191 222 2391 2390 2391 2390 63 64 63 64
4135 4135 850 3168 4135 850 3168 30251 2593 1537 429 1363 235 4528 24352 63 64 63 64 577 578 577 578
30232 30233 775 1575 268 942 1630 370 30232 28 22136 1386 30233 28 29 1900 30232 5176 271 809 30365 20057 270 271 270 271 63 64 63 64 157 284
30366 22 678 30367 1004 5581 367 1004 27625 5581 30368 28559 367 30155 23271 5581 6555 163 2391 2390 2391 2390 192 26
58 58 850 4978 58 60 491 4151 2695 424 10588 977 458 63 64 63 64 192 26
11753 8744 1764 26 1780 2698 161 183 2698 37 222 60 173 63 64 63 64 63 64 38 39
9076 60 60 30369 6948 17008 26925 30370 9076 6948 17008 26925 11526 11686 30371 19727 7763 4848 30372 6274 40 41 40 41 63 64 63 64 398 399 398 399
29865 30350 7 750 2678 14993 29866 7 226 192 26 192 26
5544 958 22 1228 30373 30374 1175 30375 456 7717 2051 28414 3164 5936 5937
30376 4545 4546 978 577 30377 3555 724 4118 4118 3819 4894 2926 1081 146 4894 14713 849 2027 4118 577 578 577 578 577 578
193 26 65 14966 7 167 26 65 7 2555 7 137 5065 114 7 63 64 63 64 7 53 7 53
30378 4118 4118 28 30379 10672 2593 8986 30380 254 2593 3931 63 64 3081 3082 577 578
30381 28 1462 387 30382 299 7 299 7 461 1685 344 429 29 16623 1380 58 30383 30384 15582 6967 63 64 63 64 63 64 192 26 192 26
1216 1216 134 393 4848 30385 6948 17008 724 9314 3827 22804 19727 29950 30386 15837 30387 259 91 259 91
607 1537 607 35 5597 3830 663 607 35 299 607 5597 3830 5200 128 8718 13355 26 607 30388 1343 127 128 127 128 127 128
65 2129 22 2130 2131 65 429 7 14877 2130 709 7 63 64 63 64
30389 299 7 432 1393 1356 10162 282 299 2610 3394 378 157 284 157 284
165 1497 22 2698 2698 165 638 2698 1034 165 23 165 268 1034 742 1960 18 19 18 19 18 19
20886 20887 4570 5581 27625 5581 699 27625 5581 5934 4334 21800 6544 30390 1591 2391 2390 2391 2390
31 502 194 23291 14549 1126 31 35 502 194 2495 23291 14549 6517 31 35 502 194 2495 23291 14549 6517 1126 37 30391 30392 30391 30392 1023 1024 1023 1024 1023 1024 38 39 38 39 7 53 7 53
1282 756 30393 30394 30395 6058 756 35 29 891 12295 13731 29 209 63 64 63 64 38 39 140 141
30396 1630 4464 5294 370 30396 1630 4464 5294 370 30396 2584 675 191 1630 4464 8040 370 270 271 270 271 63 64 63 64 1777 1778
18847 59 9841 30397 30398 852 59 114 191 3491 8309 1183 1394 114 12068 191 63 64 63 64 1081 1082
30399 9654 456 456 456 7717 456 4214 378 2909 23715 30400 30400 1196 5936 5937 5936 5937 18 19 7 53
8294 4118 1989 13700 201 4118 276 4118 577 578 577 578 63 64
15223 3716 30401 22 13004 30402 4779 1477 1477 5530 1537 191 2348 555 1477 5530 30402 168 114 8446 5041 27 191 962 63 64 63 64 497 498 192 26
2192 2193 30105 2192 2193 502 194 5555 299 502 194 321 749 1126 11652 5532 343 978 7 53 7 53
30403 30404 98 30403 850 6948 17008 3703 24090 6948 17008 15186 30405 24090 24090 3259 30406 10394 11152 4688 6948 17008 24090 6620 63 64 63 64 63 64
29896 370 18 165 191 757 370 18 165 29894 27 2695 63 64 63 64
2363 14005 502 194 30407 3198 650 1125 502 7 73 1947 128 3830 179 226 7 53 7 53 127 128
3428 261 3429 3430 424 2317 114 2265 98 2698 424 2317 114 2887 424 2317 355 114 30212 3905 665 5760 30213 2265 6476 2425 284 59 18 19 18 19 63 64 63 64 157 284 157 284
2698 2698 600 3723 129 2698 432 1219 675 3062 299 68 380 63 64 63 64
4894 4118 4894 4118 3081 4118 4117 4118 4894 4118 3081 4118 4117 4118 4894 4118 201 775 2027 4118 11932 235 3081 3082 3081 3082 3081 3082 577 578 577 578 63 64
30408 835 22 114 809 30408 114 11092 809 7857 1630 24 370 1630 24 432 771 1630 24 226 63 64 63 64 270 271
2851 7548 6948 17008 6948 17008 2851 541 2852 63 64 63 64
1216 1216 1216 1217 700 5581 27625 5581 545 30409 30410 13111 12875 10887 24601 2764 192 26 2391 2390 257 258
30411 30411 191 18 2695 11284 18 5502 18 370 321 5502 18 114 18 2695 809 13263 370 18 30412 14004 18 19 18 19 18 19 63 64 63 64
30413 4135 22778 12532 1608 652 29840 12381 29840 1035 2324 652 12381 29840 30069 1031 29840 12071 15591 30414 29898 30415 18803 30416 21491 577 578 577 578 577 578 945 486 3081 3082
30417 5581 5580 25337 27625 5581 5599 27625 5581 12772 23504 513 9796 7705 30418 30419 2391 2390 2391 2390 192 26
25173 30420 137 114 2989 6266 514 25173 6266 514 114 3 59 4520 25173 30421 16034 2423 59 83 114 63 64 63 64 63 64 483 484 140 141
30422 393 128 191 8922 17008 3878 30197 6948 17008 3878 30197 3232 30423 7234 2415 3641 2747 2748 2747 2748 63 64 63 64 127 128
30424 1859 18 191 1859 18 14318 370 1777 18 18 18 7943 30425 18 11260 18 5502 18 1464 165 165 18 19 18 19 18 19
5581 1674 27625 5581 30348 2390 28 29 27625 5581 1674 2390 992 10140 9752 1674 4570 5581 2161 3 276 2391 2390 2391 2390 90 91 63 64
30426 71 7815 408 6236 7
479 60 348 480 502 194 479 502 194 60 60 502 194 114 502 1624 502 30427 5212 5213 7 53 7 53 7 53 63 64 63 64
25246 23098 17452 2745 30428 299 7 299 7 23572 30429 16764 3886 123 30430 1156 30431 7 53 7 53
341 342 27625 5581 27625 5581 341 199 4570 30432 771 38 39 38 39 2391 2390 2391 2390
607 30433 607 35 5200 26 60 299 5200 607 35 60 607 7509 26 139 3828 2165 4234 3523 3825 607 35 1386 577 578 577 578 63 64 63 64 127 128
30434 30434 2698 1913 2698 1488 183 1488 1489 356 12912 807 222 63 64 63 64 63 64
4288 229 22043 6948 17008 6948 17008 4288 35 30435 27425 17008 9483 3670 9114 30436 29270 786 30437 63 64 63 64 63 64
30197 12477 22043 17008 30197 12477 3670 30438 6948 17008 6948 17008 12642 30439 19934 6948 30440 63 64 63 64 63 64
23222 918 6872 30441 1841 419 319 114 129 456 7717 456 4214 29828 29829 29827 3013 5260 2051 29809 30442 1454 456 4214 5936 5937 5936 5937 5936 5937
341 342 6948 17008 6948 17008 341 199 17008 30443 2806 6948 17008 50 21839 523 3357 2905 6948 30444 63 64 63 64 38 39 38 39 523 524
30445 4135 134 767 4135 4136 71 8540 1137 4135 71 1878 126 61 3084 4136 4135 134 1825 10248 63 64 63 64 577 578
5684 775 23556 502 194 691 114 111 502 1624 63 64 63 64 7 53 7 53
5296 30446 809 30447 59 1630 809 992 809 146 225 3394 336 424 2558 30447 30447 59 1630 809 63 64 63 64 63 64
30448 4135 4135 771 71 4136 2049 167 321 29840 30251 4136 71 2049 63 64 63 64 577 578 577 578
2742 986 22 30449 1045 299 7 30450 757 4587 29812 299 7 30451 338 299 7 1940 955 1226 191 757 7 53 7 53 63 64
30452 4135 3225 652 4135 9147 767 321 12381 652 4135 4138 191 173 4791 61 71 2308 5624 3170 1878 63 64 63 64 577 578 577 578
30453 1012 29840 14252 1151 1031 30453 35 29840 14252 1031 18231 1793 625 1270 1035 30454 30453 35 29840 14252 1031 30455 981 157 284 3978 3980 577 578
29896 1243 13735 98 29896 775 59 1989 5219 63 64 63 64
3938 5581 5581 27625 1620 199 36 5581 27625 1620 199 36 2391 2390 2391 2390 38 39
6167 6168 22 114 30456 2698 1034 165 6168 27 658 1188 26947 2698 1447 30457 30458 18716 1476 456 1107 63 64 63 64 23 30 23 30
30459 6948 17008 13663 30460 27447 60 173 3141 21839 63 64 63 64
31 27625 5581 7821 30461 31 35 27625 5581 37 7821 30461 31 35 27625 5581 37 7821 30461 7821 30461 2391 2390 2391 2390 2391 2390 38 39 38 39
26883 3141 2297 5530 5530 3141 5530 3141 2407 26883 63 64 63 64 192 26
18 18 191 18 423 1826 68 15176 370 15145 2423 5514 30462 30412 23680 16317 864 63 64 63 64 157 677 157 677
2382 679 22 679 30463 58 16853 679 58 226 299 320 183 2212 63 64 63 64
18847 59 9841 30464 942 69 1630 809 1286 372 1791 69 370 30465 1514 2989 3488 6330 192 26 192 26
16167 989 417 16291 1807 4817 989 114 59 417 16291 989 114 59 4817 29 417 16291 12976 2631 26 24 482 63 64 63 64 134 532 134 532 23 30
27534 3429 5581 27625 5581 27625 5581 2806 6946 30466 30467 30158 30468 19620 6935 1250 2391 2390 2391 2390 2391 2390
1179 1473 109 2220 25218 458 419 7 3394 757 9655 691 460 111 268 299 7 458 7641 30469 157 284 157 284 63 64 63 64 7 53 7 53
58 3918 22 534 3918 58 320 2415 2833 984 5199 241 624 23 30 23 30 192 26
30470 1398 460 5530 460 5530 4550 1285 15034 4917 740 3069 457 192 26 192 26 157 284 157 284
3 30471 22 30472 16972 30473 3 27 3057 271 23 3565 370 1630 114 1989 408 29887 225 675 270 271 270 271 63 64 23 30
7816 185 30474 30475 27625 5581 254 30476 30477 30478 30474 30475 27625 5581 254 30476 21482 424 254 11287 28299 2582 2765 2582 2765 2391 2390 2391 2390
193 26 284 319 58 167 26 284 319 58 850 114 1720 235 1720 226 702 5229 9692 58 15582 1649 284 319 157 284 157 284 157 284 63 64 1720 2441
30479 30479 35 30480 35 6948 17008 1009 30479 35 30480 35 60 230 1009 6948 17008 226 60 299 6822 63 64 63 64 63 64
672 275 370 1630 275 3848 28 29 370 1630 275 3848 4721 1638 69 299 277 897 63 64 63 64 192 26 192 26 270 271 270 271
114 30481 30482 30483 30484 5530 5530 459 114 698 1153 5977 30485 3394 30486 30487 270 271 270 271 192 26
2698 387 2698 387 2698 600 342 2667 2698 2461 2698 191 222 2698 7885 63 64 63 64 63 64
670 672 629 675 1569 1569 676 675 809 2235 1630 194 370 225 432 758 6008 270 271 270 271
28691 29880 370 18 26 63 64
30488 30489 809 1953 1630 809 1720 21589 30490 370 17431 30491 30492 30492 370 29970 30493 30494 30495 29699 30496 30497 1636 30498 63 64 63 64
30499 1805 5530 29954 5530 29954 4194 414 607 59 5200 30500 30501 127 128 127 128 398 399 577 578
